Dim: 11 11
Value:
7.211102 6.403124 5.656854 5.000000 4.472136 4.123106 4.000000 4.123106 4.472136 5.000000 5.656854
6.708204 5.830952 5.000000 4.242640 3.605551 3.162278 3.000000 3.162278 3.605551 4.242640 5.000000
6.324555 5.385165 4.472136 3.605551 2.828427 2.236068 2.000000 2.236068 2.828427 3.605551 4.472136
6.082763 5.099020 4.123106 3.162278 2.236068 1.414214 1.000000 1.414214 2.236068 3.162278 4.123106
6.000000 5.000000 4.000000 3.000000 2.000000 1.000000 0.000000 1.000000 2.000000 3.000000 4.000000
6.082763 5.099020 4.123106 3.162278 2.236068 1.414214 1.000000 1.414214 2.236068 3.162278 4.123106
6.324555 5.385165 4.472136 3.605551 2.828427 2.236068 2.000000 2.236068 2.828427 3.605551 4.472136
6.708204 5.830952 5.000000 4.242640 3.605551 3.162278 3.000000 3.162278 3.605551 4.242640 5.000000
7.211102 6.403124 5.656854 5.000000 4.472136 4.123106 4.000000 4.123106 4.472136 5.000000 5.656854
7.810250 7.071068 6.403124 5.830952 5.385165 5.099020 5.000000 5.099020 5.385165 5.830952 6.403124
8.485281 7.810250 7.211102 6.708204 6.324555 6.082763 6.000000 6.082763 6.324555 6.708204 7.211102
Gradient X:
-0.502899 -0.572173 -0.656854 -0.757360 -0.866585 -0.960828 -1.000000 -0.960828 -0.866585 -0.757360 -0.656854
-0.443274 -0.508980 -0.592359 -0.697224 -0.821854 -0.943519 -1.000000 -0.943519 -0.821854 -0.697224 -0.592359
-0.312721 -0.365966 -0.438447 -0.540181 -0.684742 -0.874032 -1.000000 -0.874032 -0.684742 -0.540181 -0.438447
-0.162278 -0.192582 -0.236068 -0.302776 -0.414214 -0.618034 -1.000000 -0.618034 -0.414214 -0.302776 -0.236068
0.000000 0.000000 0.000000 0.000000 0.000000 0.000000 0.000000 0.000000 0.000000 0.000000 0.000000
0.162278 0.192582 0.236068 0.302776 0.414214 0.618034 1.000000 0.618034 0.414214 0.302776 0.236068
0.312721 0.365966 0.438447 0.540181 0.684742 0.874032 1.000000 0.874032 0.684742 0.540181 0.438447
0.443274 0.508980 0.592359 0.697224 0.821854 0.943519 1.000000 0.943519 0.821854 0.697224 0.592359
0.551023 0.620058 0.701562 0.794156 0.889807 0.968371 1.000000 0.968371 0.889807 0.794156 0.701562
0.637089 0.703563 0.777124 0.854102 0.926210 0.979829 1.000000 0.979829 0.926210 0.854102 0.777124
0.675031 0.739182 0.807978 0.877252 0.939391 0.983743 1.000000 0.983743 0.939391 0.877252 0.807978
Gradient Y:
-0.807978 -0.777124 -0.701562 -0.592359 -0.438447 -0.236068 0.000000 0.236068 0.438447 0.592359 0.656854
-0.877252 -0.854102 -0.794156 -0.697224 -0.540181 -0.302776 0.000000 0.302776 0.540181 0.697224 0.757360
-0.939391 -0.926210 -0.889807 -0.821854 -0.684742 -0.414214 0.000000 0.414214 0.684742 0.821854 0.866585
-0.983743 -0.979829 -0.968371 -0.943519 -0.874032 -0.618034 0.000000 0.618034 0.874032 0.943519 0.960828
-1.000000 -1.000000 -1.000000 -1.000000 -1.000000 -1.000000 0.000000 1.000000 1.000000 1.000000 1.000000
-0.983743 -0.979829 -0.968371 -0.943519 -0.874032 -0.618034 0.000000 0.618034 0.874032 0.943519 0.960828
-0.939391 -0.926210 -0.889807 -0.821854 -0.684742 -0.414214 0.000000 0.414214 0.684742 0.821854 0.866585
-0.877252 -0.854102 -0.794156 -0.697224 -0.540181 -0.302776 0.000000 0.302776 0.540181 0.697224 0.757360
-0.807978 -0.777124 -0.701562 -0.592359 -0.438447 -0.236068 0.000000 0.236068 0.438447 0.592359 0.656854
-0.739182 -0.703563 -0.620058 -0.508980 -0.365966 -0.192582 0.000000 0.192582 0.365966 0.508980 0.572173
-0.675031 -0.637089 -0.551023 -0.443274 -0.312721 -0.162278 0.000000 0.162278 0.312721 0.443274 0.502899
 